openTime,open,high,low,close,volume,closeTime
1765519200000,0.0701,0.10999,0.0701,0.087495,7864349.6011,1765540799999
1765540800000,0.086793,0.088902,0.074189,0.075166,3391273.8461,1765562399999
1765562400000,0.075394,0.079124,0.07155,0.075698,1642946.4172,1765583999999
1765584000000,0.07547,0.07547,0.072639,0.073003,233937.7522,1765605599999
1765605600000,0.073003,0.074489,0.07,0.073003,565042.0735,1765627199999
1765627200000,0.072784,0.074489,0.07155,0.072346,442932.5928,1765648799999
1765648800000,0.072419,0.073595,0.071046,0.073152,410420.1678,1765670399999
1765670400000,0.073372,0.073595,0.070407,0.071046,94665.9925,1765691999999
1765692000000,0.07119,0.072054,0.069633,0.070549,356969.578,1765713599999
1765713600000,0.070407,0.071766,0.069142,0.070904,544686.9773,1765735199999
1765735200000,0.070904,0.071046,0.069702,0.069842,275992.022,1765756799999
1765756800000,0.069982,0.071622,0.06845,0.070691,321251.8175,1765778399999
1765778400000,0.070549,0.071694,0.069212,0.070762,251629.9615,1765799999999
1765800000000,0.070549,0.071262,0.065985,0.068864,721032.8367,1765821599999
1765821600000,0.068795,0.068848,0.066882,0.067424,213061.9508,1765843199999
1765843200000,0.067424,0.070691,0.0672,0.068036,405331.3855,1765864799999
1765864800000,0.067968,0.069562,0.067288,0.068587,310362.3631,1765886399999
1765886400000,0.068588,0.069843,0.067424,0.068036,263370.099,1765907999999
1765908000000,0.0679,0.068312,0.067152,0.067492,313172.1601,1765929599999
1765929600000,0.06756,0.067696,0.066413,0.066614,103409.0107,1765951199999
1765951200000,0.066681,0.067628,0.066279,0.066748,195384.3844,1765972799999
1765972800000,0.066882,0.072711,0.066212,0.067084,477789.3372,1765994399999
1765994400000,0.067152,0.067424,0.065351,0.065483,339889.234,1766015999999
1766016000000,0.065549,0.065681,0.063918,0.063918,39089.3989,1766037599999
1766037600000,0.063918,0.064566,0.062833,0.063534,192403.0053,1766059199999
1766059200000,0.063726,0.064501,0.059146,0.060656,355383.65,1766080799999
1766080800000,0.060778,0.061208,0.059387,0.059746,240790.4791,1766102399999
1766102400000,0.059866,0.061146,0.059086,0.061146,140389.7452,1766123999999
1766124000000,0.061208,0.062328,0.060962,0.06158,101681.4056,1766145599999
1766145600000,0.061766,0.062581,0.052776,0.058967,450977.7626,1766167199999
1766167200000,0.058849,0.060473,0.046286,0.058495,906416.9919,1766188799999
1766188800000,0.058318,0.058613,0.057269,0.057269,68566.1057,1766210399999
1766210400000,0.057269,0.062707,0.055171,0.057675,828811.0365,1766231999999
1766232000000,0.057559,0.057559,0.054013,0.055899,432843.791,1766253599999
1766253600000,0.055843,0.055955,0.053797,0.054783,202474.9699,1766275199999
1766275200000,0.054618,0.054673,0.053959,0.054123,84580.5975,1766296799999
1766296800000,0.054123,0.056011,0.053959,0.055115,216309.8752,1766318399999
1766318400000,0.055059,0.055059,0.053311,0.054893,285537.4224,1766339999999
1766340000000,0.054893,0.055283,0.054508,0.055003,129447.8937,1766361599999
1766361600000,0.055059,0.055843,0.054398,0.054508,145048.2162,1766383199999
1766383200000,0.054453,0.056011,0.054398,0.055395,193092.2497,1766404799999
1766404800000,0.055227,0.055619,0.052511,0.054508,251713.8635,1766426399999
1766426400000,0.054618,0.054618,0.053419,0.053419,111023.3169,1766447999999
1766448000000,0.053419,0.054178,0.052352,0.052458,146822.9114,1766469599999
1766469600000,0.052352,0.053365,0.05115,0.052776,247673.091,1766491199999
1766491200000,0.052776,0.054453,0.051202,0.051774,380882.5261,1766512799999
1766512800000,0.051774,0.05304,0.050077,0.050077,193659.029,1766534399999
1766534400000,0.050077,0.052299,0.049026,0.049026,118353.8689,1766555999999
1766556000000,0.049176,0.049676,0.047758,0.047758,189283.2006,1766577599999
1766577600000,0.047758,0.049276,0.0473,0.047614,385103.7985,1766599199999
1766599200000,0.047614,0.04771,0.046145,0.046708,263968.4647,1766620799999
1766620800000,0.046568,0.047086,0.044138,0.044138,213316.5164,1766642399999
1766642400000,0.044227,0.047469,0.043695,0.046474,674120.6894,1766663999999
1766664000000,0.046474,0.046991,0.045774,0.045866,144445.218,1766685599999
1766685600000,0.045728,0.04771,0.045176,0.045589,350769.112,1766707199999
1766707200000,0.045452,0.045452,0.043756,0.043959,181645.6852,1766728799999
1766728800000,0.043827,0.044138,0.042003,0.043255,281255.2862,1766750399999
1766750400000,0.043255,0.044864,0.042347,0.042347,477289.6005,1766771999999
1766772000000,0.042433,0.042949,0.042304,0.04239,120091.4028,1766793599999
1766793600000,0.042476,0.042605,0.041289,0.041289,128505.2901,1766815199999
1766815200000,0.041247,0.041247,0.039812,0.039932,254289.7062,1766836799999
1766836800000,0.039932,0.050281,0.039772,0.048977,1615528.3925,1766858399999
1766858400000,0.048928,0.070833,0.048879,0.053149,1.24169334302E7,1766879999999
1766880000000,0.053149,0.053527,0.049926,0.051254,1331735.3838,1766901599999
1766901600000,0.051306,0.055,0.05115,0.052246,2528220.25,1766923199999
1766923200000,0.052087,0.053904,0.04937,0.049626,2971655.6219,1766944799999
1766944800000,0.049775,0.0499,0.045038,0.04536,1699370.0192,1766966399999
1766966400000,0.04537,0.04688,0.045176,0.046756,172267.5617,1766987999999
1766988000000,0.046897,0.048291,0.045912,0.046521,831100.3874,1767009599999
1767009600000,0.046447,0.046447,0.044768,0.045406,822386.6511,1767031199999
1767031200000,0.045497,0.046333,0.045084,0.045636,241680.5925,1767052799999
1767052800000,0.045636,0.045774,0.044948,0.044948,55703.5983,1767074399999
1767074400000,0.045084,0.045544,0.043431,0.045222,438560.2777,1767095999999
1767096000000,0.045222,0.046192,0.04513,0.046051,229694.7239,1767117599999
1767117600000,0.046051,0.047182,0.046051,0.046944,321882.6953,1767139199999
1767139200000,0.04685,0.04685,0.04513,0.046333,106118.7517,1767160799999
1767160800000,0.04638,0.047134,0.044273,0.046333,385210.8571,1767182399999
1767182400000,0.046333,0.047853,0.044904,0.046333,322139.2267,1767203999999
1767204000000,0.046192,0.046474,0.04513,0.045314,135524.7149,1767225599999
1767225600000,0.045222,0.046709,0.045222,0.046568,61655.4174,1767247199999
1767247200000,0.046709,0.04771,0.046709,0.04771,47465.1572,1767268799999
1767268800000,0.04771,0.048046,0.046239,0.047374,284976.1099,1767290399999
1767290400000,0.047422,0.049126,0.047326,0.048928,173627.6215,1767311999999
1767312000000,0.048928,0.049476,0.04795,0.048022,152656.3479,1767333599999
1767333600000,0.047974,0.049799,0.047758,0.049526,493328.1652,1767355199999
1767355200000,0.0495,0.050638,0.047758,0.050434,279559.924,1767376799999
1767376800000,0.050434,0.051618,0.049226,0.050485,252354.8586,1767398399999
1767398400000,0.050587,0.052352,0.050587,0.05193,101363.5843,1767419999999
1767420000000,0.052087,0.052564,0.051514,0.052506,228361.6121,1767441599999
1767441600000,0.052465,0.054673,0.05141,0.05267,868745.4894,1767463199999
1767463200000,0.05267,0.054023,0.052405,0.053851,251259.5446,1767484799999
1767484800000,0.053905,0.054023,0.052484,0.053149,121513.5852,1767506399999
1767506400000,0.053166,0.053473,0.05214,0.052405,227760.5321,1767527999999
1767528000000,0.052405,0.053473,0.051618,0.053311,289258.3279,1767549599999
1767549600000,0.053311,0.053311,0.052246,0.052723,114217.7535,1767571199999
1767571200000,0.05267,0.053149,0.052511,0.053041,24515.4277,1767592799999
1767592800000,0.053203,0.053311,0.052723,0.052723,21627.7211,1767614399999
1767614400000,0.052882,0.053959,0.052723,0.052935,101880.7783,1767635999999
1767636000000,0.052935,0.052935,0.049918,0.052882,458684.7158,1767657599999
1767657600000,0.053095,0.053149,0.052617,0.052617,30480.0685,1767679199999
1767679200000,0.052564,0.052723,0.052299,0.052458,153170.1782,1767700799999
1767700800000,0.052511,0.052882,0.051514,0.052458,67477.0722,1767722399999
1767722400000,0.052458,0.052458,0.052458,0.052458,672.418,1767743999999
1767744000000,0.052458,0.052458,0.052246,0.052246,6400.2265,1767765599999
1767765600000,0.052405,0.053203,0.052299,0.052617,53218.3036,1767787199999
1767787200000,0.052775,0.052775,0.051462,0.05167,46768.3207,1767808799999
1767808800000,0.051826,0.055339,0.05115,0.051982,616659.1255,1767830399999
1767830400000,0.053905,0.053905,0.051254,0.051514,113704.4587,1767851999999
1767852000000,0.051566,0.052988,0.051098,0.051202,87244.1202,1767873599999
1767873600000,0.05115,0.05115,0.05074,0.05074,28865.0004,1767895199999
1767895200000,0.052299,0.064696,0.051202,0.064371,2137900.9208,1767916799999
1767916800000,0.064306,0.069999,0.063086,0.068933,1348207.2602,1767938399999
1767938400000,0.068726,0.071046,0.066085,0.070194,2195615.7892,1767959999999
1767960000000,0.070123,0.075546,0.066748,0.06722,1767068.1868,1767981599999
1767981600000,0.067288,0.067832,0.06214,0.063214,1023033.0159,1768003199999
1768003200000,0.063214,0.063214,0.060595,0.062266,265358.054,1768024799999
1768024800000,0.062077,0.062077,0.059566,0.061828,379775.8876,1768046399999
1768046400000,0.062014,0.06277,0.059746,0.06158,426865.7293,1768067999999
1768068000000,0.06158,0.06214,0.061146,0.06214,63632.1026,1768089599999
1768089600000,0.061952,0.061952,0.061704,0.061704,6801.9215,1768111199999
1768111200000,0.061642,0.061642,0.059806,0.06127,198307.108,1768132799999
1768132800000,0.06127,0.061642,0.060717,0.061642,61676.0194,1768154399999
1768154400000,0.061642,0.062392,0.061518,0.062392,21516.7888,1768175999999
1768176000000,0.062392,0.063726,0.062392,0.062959,60888.0141,1768197599999
1768197600000,0.063086,0.063854,0.062329,0.063598,71945.132,1768219199999
1768219200000,0.063722,0.064111,0.062832,0.063342,81108.2744,1768240799999
1768240800000,0.063534,0.063662,0.063022,0.063086,19674.3432,1768262399999
1768262400000,0.062203,0.063918,0.062203,0.06315,90277.8144,1768283999999
1768284000000,0.062959,0.063214,0.062896,0.062896,3656.9639,1768305599999
1768305600000,0.062896,0.063278,0.062896,0.06315,15325.1717,1768327199999
1768327200000,0.06315,0.063662,0.0603,0.06277,261692.5005,1768348799999
1768348800000,0.060595,0.062077,0.060595,0.061332,57481.8976,1768370399999
1768370400000,0.061332,0.062077,0.060046,0.06189,158305.3569,1768391999999
1768392000000,0.060168,0.062266,0.059859,0.06127,146735.2125,1768413599999
1768413600000,0.061394,0.063406,0.061394,0.06277,85775.368,1768435199999
1768435200000,0.062581,0.062581,0.062392,0.062518,6600.8144,1768456799999
1768456800000,0.062392,0.063022,0.062203,0.063022,25431.7712,1768478399999
1768478400000,0.063022,0.063534,0.062833,0.063534,18052.3424,1768499999999
1768500000000,0.063342,0.063598,0.062644,0.063086,27542.9249,1768521599999
1768521600000,0.06315,0.063854,0.062896,0.063598,37108.6088,1768543199999
1768543200000,0.063662,0.063662,0.063278,0.063278,6520.8283,1768564799999
1768564800000,0.06347,0.064046,0.063214,0.063854,97920.4037,1768586399999
1768586400000,0.063854,0.063854,0.062203,0.063533,40388.0067,1768607999999
1768608000000,0.063533,0.063918,0.061022,0.061332,44611.3451,1768629599999
1768629600000,0.061332,0.064042,0.061332,0.064042,60283.3613,1768651199999
1768651200000,0.063,0.065142,0.063,0.063789,30294.3779,1768672799999
1768716000000,0.0621,0.0621,0.062,0.062,18460.5068,1768737599999
1768737600000,0.0605,0.064556,0.05667,0.063538,774.2998,1768759199999
1768802400000,0.060358,0.060495,0.06,0.06035,3451.2453,1768823999999
1768824000000,0.060032,0.060032,0.057836,0.058005,4840.7114,1768845599999
1768845600000,0.060222,0.060222,0.056428,0.058,15327.5881,1768867199999
1768888800000,0.056504,0.056929,0.056504,0.056696,8671.3375,1768910399999
1768910400000,0.055202,0.057,0.054821,0.054821,15341.9617,1768931999999
1768932000000,0.05559,0.05559,0.0535,0.055282,50771.1943,1768953599999
1768953600000,0.05236,0.05236,0.052,0.052,790.3411,1768975199999
1768975200000,0.055942,0.055942,0.053311,0.053581,41116.9333,1768996799999
1768996800000,0.05425,0.0555,0.053001,0.0555,114964.9279,1769018399999
1769018400000,0.0558,0.0558,0.0544,0.0544,15245.7573,1769039999999
1769061600000,0.055617,0.055617,0.055617,0.055617,2697.0171,1769083199999
1769083200000,0.055617,0.055617,0.053759,0.053759,4169.4497,1769104799999
1769104800000,0.053579,0.055348,0.053331,0.055348,12271.0615,1769126399999
1769148000000,0.053929,0.053929,0.052126,0.052304,8638.9064,1769169599999
1769169600000,0.052304,0.05276,0.05093,0.05276,51660.2787,1769191199999
1769191200000,0.05276,0.053412,0.05276,0.0529,101995.7739,1769212799999
1769234400000,0.05119,0.05226,0.049918,0.05226,21193.876,1769255999999
1769256000000,0.0505,0.0505,0.0505,0.0505,10074.2574,1769277599999
1769277600000,0.050171,0.050335,0.050171,0.050335,1199.3753,1769299199999
1769320800000,0.049886,0.049896,0.049494,0.049896,2822.6432,1769342399999
1769342400000,0.049796,0.0509,0.049622,0.049658,9580.777,1769363999999
1769364000000,0.051547,0.051547,0.0487,0.048818,11033.5802,1769385599999
1769385600000,0.048965,0.049,0.048965,0.049,144310.58,1769407199999
1769407200000,0.049,0.04945,0.043512,0.04531,200438.1186,1769428799999
1769428800000,0.044605,0.05428,0.044129,0.046177,620401.8387,1769450399999
1769450400000,0.046495,0.047821,0.044844,0.046123,53722.6234,1769471999999
1769472000000,0.046175,0.046636,0.044844,0.04565,19658.9486,1769493599999
1769493600000,0.045663,0.04811,0.043888,0.043888,71380.9097,1769515199999
1769515200000,0.044337,0.049288,0.043888,0.047153,85811.9838,1769536799999
1769536800000,0.046271,0.049903,0.045696,0.047821,39226.3135,1769558399999
1769558400000,0.05,0.05,0.04811,0.048693,28352.1421,1769579999999
1769580000000,0.048693,0.052237,0.047629,0.0518,98150.3613,1769601599999
1769601600000,0.0508,0.0578,0.050586,0.055078,469354.6459,1769623199999
1769623200000,0.052978,0.07,0.051505,0.065704,1227238.1622,1769644799999
1769644800000,0.0668,0.067558,0.055998,0.066695,1038936.4009,1769666399999
1769666400000,0.066856,0.067999,0.057574,0.0587,1456923.9708,1769687999999
1769688000000,0.060538,0.062575,0.055479,0.058223,391326.0572,1769709599999
1769709600000,0.057868,0.066323,0.056151,0.0652,1094804.8382,1769731199999
1769731200000,0.064184,0.066798,0.062555,0.063206,65473.1583,1769752799999
1769752800000,0.063079,0.067677,0.061999,0.06454,264502.5749,1769774399999
1769774400000,0.064121,0.072,0.063843,0.066499,745374.6431,1769795999999
1769796000000,0.065796,0.0665,0.06235,0.065137,440215.9676,1769817599999
1769817600000,0.065149,0.0657,0.064875,0.0657,8823.7378,1769839199999
1769839200000,0.065661,0.066206,0.062827,0.063627,62713.7819,1769860799999
1769860800000,0.064615,0.065413,0.053034,0.053802,415919.2252,1769882399999
1769882400000,0.0538,0.0565,0.05,0.05,223925.1865,1769903999999
1769904000000,0.050181,0.057405,0.050181,0.057405,16657.5646,1769925599999
1769925600000,0.05913,0.060599,0.058099,0.058108,79473.6566,1769947199999
1769947200000,0.059039,0.060697,0.0577,0.058408,100404.7679,1769968799999
1769968800000,0.059635,0.064999,0.058216,0.064999,179323.075,1769990399999
1769990400000,0.064999,0.066056,0.062701,0.064356,112903.9974,1770011999999
1770012000000,0.064357,0.066568,0.061456,0.066568,190948.6895,1770033599999
1770033600000,0.064994,0.067529,0.062958,0.06435,70489.5198,1770055199999
1770055200000,0.065005,0.067666,0.06435,0.066589,67098.4614,1770076799999
1770076800000,0.066589,0.067863,0.065952,0.065952,6956.8146,1770098399999
1770098400000,0.066589,0.06969,0.06435,0.067802,75925.313,1770119999999
1770120000000,0.068894,0.07086,0.066323,0.069731,301942.5917,1770141599999
1770141600000,0.06876,0.069036,0.056377,0.062701,80882.4298,1770163199999
1770163200000,0.062701,0.07,0.062701,0.065529,21988.8272,1770184799999
1770184800000,0.065661,0.069732,0.065661,0.067395,52719.793,1770206399999
1770206400000,0.067938,0.070435,0.065925,0.066193,40225.9948,1770227999999
1770228000000,0.06726,0.080681,0.06659,0.073811,770701.7194,1770249599999
1770249600000,0.07381,0.091403,0.070576,0.07961,894391.9533,1770271199999
1770271200000,0.079115,0.087235,0.071637,0.072011,815894.1165,1770292799999
1770292800000,0.071636,0.071636,0.05781,0.061675,472029.9269,1770314399999
1770314400000,0.061681,0.064175,0.057442,0.063,145152.9707,1770335999999
1770336000000,0.061215,0.061865,0.058976,0.060001,17969.5853,1770357599999
1770357600000,0.0625,0.063214,0.058847,0.058847,123310.9658,1770379199999
1770379200000,0.061908,0.065296,0.05903,0.062823,101316.9507,1770400799999
1770400800000,0.06502,0.065077,0.061664,0.06354,32251.7115,1770422399999
1770422400000,0.0646,0.064613,0.063222,0.063222,1880.0931,1770443999999
1770444000000,0.063222,0.063523,0.061632,0.0618,661.4071,1770465599999
1770465600000,0.06295,0.064478,0.0618,0.064478,38512.5517,1770487199999
1770487200000,0.06465,0.06465,0.062419,0.062419,7231.2631,1770508799999
1770508800000,0.065,0.069021,0.06471,0.067965,57828.4515,1770530399999
1770530400000,0.0667,0.0667,0.065303,0.065655,9666.6636,1770551999999
1770552000000,0.067579,0.069,0.063847,0.064533,34570.1173,1770573599999
1770573600000,0.068644,0.075,0.066107,0.072,88472.0917,1770595199999
1770595200000,0.06938,0.072187,0.068317,0.069568,45033.894,1770616799999
1770616800000,0.067685,0.0698,0.0675,0.069036,30054.6419,1770638399999
1770638400000,0.067718,0.071172,0.067718,0.069314,199708.725,1770659999999
1770660000000,0.069872,0.07376,0.069593,0.072441,69204.8071,1770681599999
1770681600000,0.073024,0.075254,0.071288,0.071575,99679.7491,1770703199999
1770703200000,0.071598,0.071598,0.068485,0.070718,83208.8698,1770724799999
1770724800000,0.071574,0.076318,0.071145,0.073024,105617.0019,1770746399999
1770746400000,0.073318,0.073828,0.070154,0.072586,48793.9374,1770767999999
1770768000000,0.073318,0.073436,0.069175,0.069314,3558.3836,1770789599999
1770789600000,0.068898,0.0705,0.068348,0.0705,117056.9046,1770811199999
1770811200000,0.070718,0.072441,0.069453,0.070508,40852.7907,1770832799999
1770832800000,0.071288,0.073465,0.070012,0.073465,9451.4269,1770854399999
1770854400000,0.072719,0.072719,0.072719,0.072719,83.0594,1770875999999
1770876000000,0.071718,0.071718,0.071284,0.071288,3505.9916,1770897599999
1770897600000,0.071288,0.072437,0.070968,0.071145,3580.885,1770919199999
1770919200000,0.070968,0.07215,0.069592,0.070576,20713.1947,1770940799999
1770940800000,0.069526,0.069691,0.068074,0.068074,8331.733,1770962399999
1770962400000,0.070435,0.071862,0.070294,0.070435,16384.9843,1770983999999
1770984000000,0.069314,0.070576,0.069036,0.070203,23907.3843,1771005599999
1771005600000,0.070012,0.070149,0.069932,0.069932,8625.4652,1771027199999
1771027200000,0.069314,0.070408,0.069036,0.069314,2629.3856,1771048799999
1771048800000,0.069036,0.070495,0.06876,0.070495,22469.8799,1771070399999
1771070400000,0.069453,0.070294,0.069176,0.069593,8740.7329,1771091999999
1771092000000,0.070395,0.070395,0.070395,0.070395,85.2333,1771113599999
1771113600000,0.069872,0.070294,0.069592,0.070294,2397.8851,1771135199999
1771135200000,0.069039,0.069176,0.067395,0.069176,23111.7461,1771156799999
1771178400000,0.068591,0.069036,0.0664,0.0664,25663.9285,1771199999999
1771200000000,0.067124,0.067395,0.067124,0.067395,2969.6294,1771221599999
1771221600000,0.06619,0.06619,0.065185,0.065185,15632.9475,1771243199999
1771243200000,0.066324,0.067529,0.066057,0.066057,2293.9946,1771264799999
1771264800000,0.066723,0.06699,0.066057,0.06699,6914.3901,1771286399999
1771286400000,0.068075,0.069035,0.068,0.068485,18147.6814,1771307999999
1771308000000,0.068,0.068485,0.068,0.068,14539.7626,1771329599999
1771329600000,0.067937,0.067937,0.067937,0.067937,2135.6634,1771351199999
1771351200000,0.067124,0.06753,0.066057,0.06753,8421.3561,1771372799999
1771394400000,0.06726,0.06726,0.066748,0.067114,21499.9938,1771415999999
1771416000000,0.066589,0.06821,0.066,0.06821,21092.4389,1771437599999
1771437600000,0.066724,0.067666,0.065793,0.067394,51518.6361,1771459199999
1771480800000,0.066723,0.066723,0.066456,0.066456,1530.8934,1771502399999
1771502400000,0.066589,0.067394,0.065661,0.067394,11340.899,1771523999999
1771524000000,0.06726,0.06726,0.065925,0.06619,11442.6615,1771545599999
1771588800000,0.067867,0.068348,0.066723,0.066723,13987.1009,1771610399999
1771610400000,0.066325,0.066723,0.06632,0.06632,16526.6968,1771631999999
1771653600000,0.067666,0.067802,0.067666,0.067802,11550.0,1771675199999
1771675200000,0.06753,0.069867,0.06753,0.068348,5027.6785,1771696799999
1771696800000,0.068211,0.068485,0.066434,0.066434,924.3647,1771718399999
1771740000000,0.066923,0.068622,0.066923,0.068621,5776.7208,1771761599999
1771761600000,0.067964,0.067964,0.066822,0.067964,11355.7858,1771783199999
1771783200000,0.067964,0.07068,0.0675,0.068647,63902.3545,1771804799999
1771804800000,0.068247,0.068247,0.066858,0.066858,36501.6221,1771826399999
1771826400000,0.066858,0.066858,0.066589,0.066723,15276.255,1771847999999
1771848000000,0.067,0.068622,0.067,0.068622,11377.2949,1771869599999
1771869600000,0.067464,0.06821,0.066589,0.067752,31470.1375,1771891199999
1771891200000,0.07,0.070293,0.069175,0.069175,1895.2883,1771912799999
1771912800000,0.069036,0.069452,0.066991,0.066991,5871.5521,1771934399999
1771934400000,0.06876,0.069035,0.066857,0.067125,13650.4487,1771955999999
1771956000000,0.067395,0.067395,0.066589,0.066589,37847.8083,1771977599999
1771977600000,0.06619,0.06619,0.058883,0.06,148686.3404,1771999199999
1771999200000,0.059875,0.062581,0.059875,0.061518,197804.5336,1772020799999
1772020800000,0.06158,0.063406,0.06127,0.063342,147204.8887,1772042399999
1772042400000,0.062958,0.063024,0.060312,0.060312,324078.447,1772063999999
1772064000000,0.0598,0.060473,0.058495,0.059986,57643.8636,1772085599999
1772085600000,0.059095,0.0594,0.057559,0.058672,92532.3038,1772107199999
1772107200000,0.058377,0.061642,0.058082,0.059746,56925.8688,1772128799999
1772128800000,0.059295,0.059926,0.058496,0.058496,17755.7023,1772150399999
1772150400000,0.059626,0.060717,0.059567,0.060717,18142.1521,1772171999999
1772172000000,0.060046,0.060245,0.057676,0.057851,9347.4719,1772193599999
1772193600000,0.057849,0.058318,0.057849,0.058082,4922.8481,1772215199999
1772215200000,0.058731,0.058731,0.058378,0.058378,1285.4553,1772236799999
1772236800000,0.058892,0.059446,0.05879,0.059446,462.8064,1772258399999
1772258400000,0.058319,0.058319,0.056445,0.057095,96015.3124,1772279999999
1772280000000,0.057037,0.059206,0.057037,0.058435,37094.7938,1772301599999
1772301600000,0.058318,0.059086,0.057734,0.057791,54020.1684,1772323199999
1772323200000,0.057907,0.059926,0.057733,0.059506,18708.7561,1772344799999
1772344800000,0.059446,0.059446,0.058791,0.058791,170.5932,1772366399999
1772366400000,0.057618,0.05814,0.057433,0.05814,5500.5342,1772387999999
1772388000000,0.059,0.059146,0.058732,0.05879,2864.7836,1772409599999
1772409600000,0.058907,0.058907,0.0582,0.0582,6759.9987,1772431199999
1772431200000,0.058319,0.059086,0.057965,0.05826,16763.6144,1772452799999
1772452800000,0.057998,0.059864,0.057849,0.058082,9332.6784,1772474399999
1772474400000,0.058906,0.059146,0.058319,0.05867,36666.1025,1772495999999
1772496000000,0.058967,0.058967,0.058967,0.058967,1266.834,1772517599999
1772517600000,0.059086,0.059866,0.059027,0.059027,25906.729,1772539199999
1772539200000,0.059566,0.059866,0.058967,0.059335,30758.6371,1772560799999
1772560800000,0.059335,0.059335,0.058378,0.058378,13334.97,1772582399999
1772582400000,0.059899,0.059899,0.058257,0.058318,5556.1298,1772603999999
1772604000000,0.058377,0.058377,0.057949,0.057949,5878.6856,1772625599999
1772625600000,0.058644,0.059145,0.058085,0.058964,11582.9559,1772647199999
1772647200000,0.058495,0.059804,0.057709,0.057709,20163.4751,1772668799999
1772668800000,0.057733,0.057733,0.057733,0.057733,850.4942,1772690399999
1772690400000,0.059,0.059,0.059,0.059,169.8305,1772711999999
1772712000000,0.05827,0.05827,0.056243,0.056524,20891.4746,1772733599999
1772733600000,0.056524,0.056694,0.055954,0.055955,14833.3707,1772755199999
1772755200000,0.056296,0.05641,0.056296,0.05641,11297.7178,1772776799999
1772776800000,0.057012,0.057559,0.056467,0.056467,16034.9945,1772798399999
1772798400000,0.055229,0.058908,0.055171,0.056068,31989.1103,1772819999999
1772820000000,0.055845,0.056353,0.053959,0.053959,26482.8269,1772841599999
1772841600000,0.055339,0.055339,0.054785,0.054948,1806.2569,1772863199999
1772863200000,0.056011,0.056011,0.055843,0.055843,2167.5912,1772884799999
1772884800000,0.05624,0.05721,0.05624,0.056696,2910.7728,1772906399999
1772906400000,0.056241,0.056241,0.056241,0.056241,84.4583,1772927999999
1772928000000,0.057442,0.057443,0.056129,0.056266,5288.3471,1772949599999
1772949600000,0.0563,0.057036,0.056296,0.057036,9008.8324,1772971199999
1772992800000,0.056414,0.056414,0.056414,0.056414,1220.0518,1773014399999
1773036000000,0.057095,0.057095,0.057095,0.057095,1808.2395,1773057599999
1773057600000,0.056524,0.056524,0.056467,0.056467,0.1116,1773079199999
1773079200000,0.057325,0.0581,0.056728,0.056728,8235.9962,1773100799999
1773100800000,0.056728,0.056728,0.056297,0.05641,8161.2477,1773122399999
1773122400000,0.056752,0.056923,0.056752,0.056923,3510.7125,1773143999999
1773144000000,0.056809,0.057211,0.056809,0.057211,4224.9627,1773165599999
1773165600000,0.056755,0.058881,0.056,0.057093,29819.2827,1773187199999
1773187200000,0.057537,0.059266,0.057483,0.058672,9351.1065,1773208799999
1773208800000,0.059678,0.06463,0.059147,0.063534,179893.4521,1773230399999
1773230400000,0.063598,0.067968,0.062518,0.066547,447490.3776,1773251999999
1773252000000,0.066615,0.073,0.063214,0.06648,814498.4634,1773273599999
1773273600000,0.066548,0.071765,0.065021,0.071694,104239.4796,1773295199999
1773295200000,0.071694,0.074639,0.068,0.068312,591395.2039,1773316799999
1773316800000,0.068747,0.069085,0.068519,0.068865,19606.03,1773338399999
1773338400000,0.068726,0.06956,0.068588,0.06956,39695.6999,1773359999999
1773360000000,0.072127,0.077393,0.072127,0.074039,90848.0214,1773381599999
1773381600000,0.073965,0.07547,0.072784,0.072784,28833.2575,1773403199999
1773403200000,0.073595,0.074414,0.072875,0.074039,79915.3336,1773424799999
1773424800000,0.072347,0.073743,0.071262,0.07253,53265.0922,1773446399999
1773446400000,0.073595,0.074189,0.072346,0.074038,31321.3425,1773467999999
1773468000000,0.073373,0.07547,0.072566,0.074714,38828.0751,1773489599999
1773489600000,0.074715,0.07631,0.074715,0.075092,23927.1257,1773511199999
1773511200000,0.075092,0.076541,0.075092,0.075242,31688.8433,1773532799999
1773532800000,0.075319,0.077237,0.075319,0.077237,2056.2431,1773554399999
1773554400000,0.077393,0.078175,0.07708,0.077161,135026.3804,1773575999999
1773576000000,0.077159,0.079042,0.077082,0.077237,81898.6019,1773597599999
1773597600000,0.078333,0.081139,0.078333,0.080409,89682.09,1773619199999
1773619200000,0.079445,0.082373,0.079286,0.082372,46103.4959,1773640799999
1773640800000,0.082373,0.083373,0.079,0.081302,305465.6597,1773662399999
1773662400000,0.081794,0.083373,0.075073,0.079524,396753.4972,1773683999999
1773684000000,0.080004,0.082953,0.079044,0.081959,166457.8745,1773705599999
1773705600000,0.082684,0.082852,0.080166,0.081448,76383.0251,1773727199999
1773727200000,0.080652,0.0817,0.078491,0.079425,68921.7969,1773748799999
1773748800000,0.079356,0.079424,0.078018,0.078018,35223.4979,1773770399999
1773770400000,0.078573,0.079522,0.078017,0.078254,36151.1031,1773791999999
1773792000000,0.078092,0.081138,0.078092,0.081138,24267.388,1773813599999
1773813600000,0.080652,0.083205,0.079766,0.082041,60589.5913,1773835199999
1773835200000,0.082456,0.082953,0.078334,0.078334,127592.6449,1773856799999
1773856800000,0.078497,0.083037,0.077783,0.081031,124078.5597,1773878399999
1773878400000,0.081385,0.082455,0.081222,0.082455,4512.9534,1773899999999
1773900000000,0.08229,0.082455,0.081222,0.081467,74616.8918,1773921599999
1773921600000,0.081221,0.081221,0.079764,0.079922,27195.2865,1773943199999
1773943200000,0.079843,0.080003,0.079124,0.079124,1290.3991,1773964799999
1773964800000,0.077273,0.077273,0.077003,0.077003,277.6593,1773986399999
1773986400000,0.07698,0.077237,0.07698,0.077237,778.9909,1774007999999
1774008000000,0.078253,0.079204,0.07825,0.079204,23172.1834,1774029599999
1774029600000,0.07806,0.078728,0.077549,0.077549,8201.9594,1774051199999
1774051200000,0.077627,0.077627,0.077627,0.077627,127.6799,1774072799999
1774072800000,0.077549,0.077549,0.076773,0.076773,13338.3892,1774094399999
1774094400000,0.078051,0.078051,0.077471,0.077471,1428.2955,1774115999999
1774116000000,0.077471,0.077471,0.077393,0.077393,1172.3274,1774137599999
1774137600000,0.077237,0.077704,0.077237,0.077704,5778.7429,1774159199999
1774180800000,0.077081,0.077082,0.077081,0.077081,1964.3339,1774202399999
1774202400000,0.076849,0.076849,0.076233,0.076233,19713.7301,1774223999999
1774224000000,0.075698,0.075698,0.07547,0.07547,1537.5077,1774245599999
1774245600000,0.075774,0.077315,0.073332,0.077315,52485.3469,1774267199999
1774267200000,0.076695,0.077627,0.076079,0.077002,45291.3287,1774288799999
1774288800000,0.074968,0.076303,0.073669,0.075245,25550.0187,1774310399999
1774310400000,0.07464,0.07464,0.074414,0.074414,4718.109,1774331999999
1774332000000,0.075103,0.075104,0.07253,0.072532,9192.5205,1774353599999
1774353600000,0.07262,0.072711,0.07014,0.07014,14360.8251,1774375199999
1774375200000,0.07,0.07,0.066614,0.06722,47375.4448,1774396799999
1774396800000,0.0678,0.068518,0.0678,0.068101,3416.2549,1774418399999
1774418400000,0.068105,0.068657,0.06797,0.068036,6858.6871,1774439999999
1774440000000,0.067492,0.068311,0.067492,0.06763,4456.6467,1774461599999
1774461600000,0.06763,0.068311,0.067084,0.067493,12642.4437,1774483199999
1774504800000,0.067493,0.067493,0.06722,0.06722,7112.9821,1774526399999
1774526400000,0.06749,0.067559,0.06749,0.067559,1733.3287,1774547999999
1774548000000,0.066346,0.066346,0.061828,0.063659,29336.0519,1774569599999
1774591200000,0.06333,0.063405,0.061518,0.061518,4094.3601,1774612799999
1774612800000,0.061456,0.06158,0.060412,0.060412,14025.2425,1774634399999
1774634400000,0.061022,0.061952,0.061022,0.061952,54176.0585,1774655999999
1774656000000,0.060961,0.061145,0.060595,0.060717,8181.2547,1774677599999
1774677600000,0.060595,0.060656,0.060073,0.060073,32008.3859,1774699199999
1774699200000,0.060046,0.060594,0.060046,0.060594,17076.5106,1774720799999
1774720800000,0.060107,0.060107,0.060107,0.060107,1223.8,1774742399999
1774742400000,0.060107,0.060107,0.060107,0.060107,82.8522,1774763999999
1774764000000,0.059626,0.060412,0.059566,0.060412,11706.0059,1774785599999
1774785600000,0.059626,0.059686,0.059626,0.059686,1671.4147,1774807199999
1774807200000,0.059866,0.060168,0.059256,0.059925,40790.6881,1774828799999
1774828800000,0.059568,0.059568,0.059568,0.059568,88.4704,1774850399999
1774850400000,0.059428,0.059428,0.059428,0.059428,168.2708,1774871999999
1774872000000,0.06034,0.061456,0.060046,0.06011,56398.5422,1774893599999
1774893600000,0.060583,0.061642,0.060583,0.061084,41253.9833,1774915199999
1774915200000,0.061022,0.061083,0.061022,0.061083,989.6768,1774936799999
1774936800000,0.0609,0.061083,0.060584,0.060585,15110.7348,1774958399999
1774958400000,0.060583,0.061951,0.060583,0.060901,23482.2158,1774979999999
1774980000000,0.060962,0.064176,0.060962,0.063228,55314.0273,1775001599999
1775001600000,0.062991,0.069343,0.062869,0.06625,64601.7541,1775023199999
1775023200000,0.066145,0.067696,0.0648,0.0671,40386.6535,1775044799999
1775044800000,0.0651,0.067968,0.0648,0.065898,84422.5536,1775066399999
1775066400000,0.069002,0.069072,0.066428,0.066428,3077.3258,1775087999999
1775088000000,0.067084,0.06756,0.063789,0.063789,22985.0673,1775109599999
1775109600000,0.0601,0.063544,0.0601,0.063544,1086.869,1775131199999
1775131200000,0.06402,0.064967,0.063375,0.064967,542.4567,1775152799999
1775152800000,0.059905,0.064,0.0599,0.064,39921.9933,1775174399999
1775239200000,0.0601,0.0601,0.0599,0.0599,16189.4995,1775260799999
1775260800000,0.05922,0.05922,0.05922,0.05922,168.8618,1775282399999
1775282400000,0.058854,0.058854,0.058854,0.058854,264.2131,1775303999999
1775325600000,0.061208,0.061208,0.061208,0.061208,125.6693,1775347199999
1775347200000,0.060717,0.061331,0.060717,0.061331,3521.7335,1775368799999
1775390400000,0.060412,0.060412,0.058576,0.058576,23765.8289,1775411999999
1775412000000,0.060351,0.060656,0.059929,0.060656,23066.8508,1775433599999
1775455200000,0.061394,0.062076,0.061394,0.062076,3475.9519,1775476799999
1775520000000,0.062234,0.062454,0.062234,0.062453,1672.273,1775541599999
1775541600000,0.062518,0.062518,0.061828,0.061828,8903.6869,1775563199999
1775563200000,0.061766,0.061766,0.061766,0.061766,1130.1988,1775584799999
1775584800000,0.061766,0.062203,0.061704,0.061704,565.1912,1775606399999
1775628000000,0.06277,0.06277,0.06277,0.06277,1186.1421,1775649599999
1775649600000,0.06315,0.06315,0.063055,0.06315,2723.0148,1775671199999
1775671200000,0.06258,0.06258,0.062014,0.06258,4612.8512,1775692799999
1775692800000,0.062077,0.062077,0.062077,0.062077,154.9513,1775714399999
1775714400000,0.062139,0.062139,0.06035,0.06035,3461.7671,1775735999999
1775736000000,0.0609,0.0609,0.060474,0.060474,81.9396,1775757599999
1775779200000,0.060959,0.060959,0.060959,0.060959,98.0987,1775800799999
1775800800000,0.061084,0.061146,0.060168,0.061022,9745.2439,1775822399999
1775822400000,0.061207,0.062958,0.061207,0.062958,592.091,1775843999999
1775844000000,0.06347,0.06373,0.063469,0.06373,3693.7335,1775865599999
1775865600000,0.063535,0.063535,0.063535,0.063535,470.8928,1775887199999
1775887200000,0.06373,0.06373,0.06373,0.06373,19.5134,1775908799999
1775930400000,0.06468,0.06468,0.06468,0.06468,113.7043,1775951999999
1776016800000,0.064197,0.064199,0.064197,0.064199,1719.7474,1776038399999
1776060000000,0.063662,0.063662,0.063342,0.063342,1759.9894,1776081599999
1776081600000,0.064176,0.064176,0.063406,0.063406,2109.3001,1776103199999
1776103200000,0.063278,0.063278,0.063214,0.063214,782.5115,1776124799999
1776124800000,0.063598,0.063598,0.063598,0.063598,0.0017,1776146399999
1776146400000,0.063534,0.063534,0.061767,0.06189,434.9535,1776167999999
1776168000000,0.06158,0.062203,0.061332,0.061828,12296.2193,1776189599999
1776189600000,0.061456,0.061456,0.060717,0.060717,16502.0937,1776211199999
1776211200000,0.061332,0.061332,0.061332,0.061332,4019.84,1776232799999
1776232800000,0.061084,0.061084,0.061027,0.061027,1812.8699,1776254399999
1776254400000,0.061208,0.061703,0.058613,0.059566,20208.8851,1776275999999
1776276000000,0.059626,0.059746,0.058733,0.058733,34238.3048,1776297599999
1776297600000,0.058494,0.062895,0.057945,0.059265,8499.5075,1776319199999
1776319200000,0.060899,0.061332,0.059986,0.060656,36917.8997,1776340799999
1776340800000,0.061331,0.061394,0.060351,0.060656,17281.4043,1776362399999
1776362400000,0.060717,0.060756,0.060366,0.060756,24681.3102,1776383999999
1776405600000,0.060717,0.061022,0.059146,0.059146,16697.5694,1776427199999
1776427200000,0.059865,0.0618,0.059326,0.061401,35173.0233,1776448799999
1776448800000,0.062265,0.062455,0.062265,0.062455,7979.5657,1776470399999
1776492000000,0.060778,0.060778,0.060664,0.060719,8274.0502,1776513599999
1776513600000,0.060412,0.060412,0.059566,0.059865,7738.2238,1776535199999
1776535200000,0.059715,0.059866,0.059686,0.059866,2836.6375,1776556799999
1776556800000,0.059267,0.059267,0.059206,0.059206,3249.3419,1776578399999
1776578400000,0.058856,0.058856,0.058793,0.058793,3551.8252,1776599999999
1776600000000,0.059326,0.059386,0.057511,0.058677,3885.6983,1776621599999
1776621600000,0.057844,0.058377,0.057733,0.058377,7271.8465,1776643199999
1776643200000,0.057733,0.057733,0.056353,0.05641,9373.0249,1776664799999
1776664800000,0.057529,0.057529,0.057211,0.057211,262.0971,1776686399999
1776686400000,0.057188,0.057188,0.0557,0.0557,7380.1566,1776707999999
1776708000000,0.05685,0.05685,0.05685,0.05685,1570.4844,1776729599999
1776751200000,0.056,0.057606,0.055787,0.056,7833.9003,1776772799999
1776772800000,0.056746,0.064657,0.052811,0.057,6511.6719,1776794399999
1776794400000,0.056781,0.056781,0.052611,0.054463,1365.7208,1776815999999
1776816000000,0.055232,0.055787,0.054784,0.055787,20322.2803,1776837599999
1776837600000,0.055283,0.0556,0.054563,0.055507,5692.1943,1776859199999
1776859200000,0.056011,0.056011,0.055956,0.055956,3517.3196,1776880799999
1776880800000,0.056239,0.056752,0.054728,0.056752,64017.0548,1776902399999
1776902400000,0.054495,0.054495,0.054495,0.054495,183.503,1776923999999
1776924000000,0.0549,0.055394,0.054893,0.055394,4699.0774,1776945599999
1776945600000,0.05495,0.05495,0.0549,0.0549,481.7851,1776967199999
1776988800000,0.0545,0.0545,0.0545,0.0545,366.055,1777010399999
1777010400000,0.054398,0.054783,0.054044,0.054783,41022.0351,1777031999999
1777032000000,0.054398,0.054508,0.054044,0.054044,17110.4431,1777053599999
1777053600000,0.054068,0.054068,0.054068,0.054068,1834.5931,1777075199999
1777096800000,0.054044,0.054447,0.053797,0.054447,4440.3072,1777118399999
1777118400000,0.053905,0.054505,0.053797,0.053905,2251.4728,1777139999999
1777183200000,0.054452,0.054452,0.054452,0.054452,2045.9503,1777204799999
1777204800000,0.053905,0.053905,0.05141,0.052034,93451.6868,1777226399999
1777226400000,0.052722,0.052776,0.052201,0.052201,8892.4589,1777247999999
1777269600000,0.052563,0.052563,0.05251,0.05251,552.958,1777291199999
1777291200000,0.052245,0.052245,0.052245,0.052245,189.1419,1777312799999
1777312800000,0.0519,0.0519,0.051877,0.051877,382.2475,1777334399999
1777334400000,0.052617,0.052722,0.051887,0.051887,1610.2749,1777355999999
1777356000000,0.052246,0.052246,0.052192,0.052192,1449.2785,1777377599999
1777377600000,0.051776,0.052511,0.051776,0.052511,9709.4228,1777399199999
1777399200000,0.052458,0.052564,0.052351,0.052511,24545.5376,1777420799999
1777420800000,0.052404,0.052829,0.052404,0.052617,18655.8298,1777442399999
1777442400000,0.052405,0.053527,0.052405,0.052563,35575.1586,1777463999999
1777464000000,0.052575,0.052882,0.052089,0.052776,22596.683,1777485599999
1777485600000,0.05267,0.053527,0.052299,0.05289,51368.673,1777507199999
1777507200000,0.052578,0.052578,0.052578,0.052578,391.0381,1777528799999
1777528800000,0.052776,0.053311,0.05262,0.053311,5355.822,1777550399999
1777550400000,0.053257,0.05385,0.052723,0.053743,41578.534,1777571999999
1777572000000,0.05385,0.055563,0.053697,0.055004,35036.8131,1777593599999
1777593600000,0.055617,0.057385,0.054398,0.055563,90639.2353,1777615199999
1777615200000,0.055844,0.056694,0.055844,0.056013,2340.9051,1777636799999
1777636800000,0.056011,0.057211,0.056011,0.056239,21667.7498,1777658399999
1777658400000,0.056581,0.05691,0.05641,0.056874,58257.6448,1777679999999
1777701600000,0.055899,0.055899,0.055452,0.055452,6409.2567,1777723199999
1777723200000,0.056092,0.06158,0.053959,0.055067,1273154.4731,1777744799999
1777744800000,0.055395,0.055395,0.054948,0.054948,279.4169,1777766399999
1777766400000,0.054894,0.055507,0.054893,0.055507,2852.126,1777787999999
1777809600000,0.055507,0.055507,0.054783,0.054894,7729.8196,1777831199999
1777831200000,0.054839,0.054948,0.054838,0.054838,20237.5126,1777852799999
1777852800000,0.054893,0.054893,0.054893,0.054893,571.7206,1777874399999
1777874400000,0.055617,0.055786,0.05506,0.05506,3819.5085,1777895999999
1777896000000,0.055004,0.055619,0.054893,0.055619,9164.9244,1777917599999
1777917600000,0.055619,0.055955,0.055507,0.055955,10464.2194,1777939199999
1777960800000,0.056466,0.056466,0.056466,0.056466,2332.2065,1777982399999
1777982400000,0.055899,0.056638,0.055843,0.056638,2105.3261,1778003999999
1778004000000,0.056296,0.056581,0.056296,0.056296,11613.5431,1778025599999
1778047200000,0.055843,0.055899,0.055676,0.055676,9863.528,1778068799999
1778068800000,0.056012,0.057849,0.056012,0.056809,113924.6872,1778090399999
1778133600000,0.055788,0.055831,0.055395,0.055831,197457.1786,1778155199999
1778155200000,0.054839,0.055563,0.054839,0.055,10951.1878,1778176799999
1778176800000,0.054798,0.054798,0.0545,0.0545,548.0508,1778198399999
1778198400000,0.054233,0.054233,0.053315,0.053315,2170.5989,1778219999999
1778220000000,0.055001,0.055001,0.052724,0.053203,67107.3376,1778241599999
1778241600000,0.052988,0.053473,0.052988,0.053257,39982.2827,1778263199999
1778263200000,0.054123,0.054123,0.053635,0.053635,3677.3366,1778284799999
1778284800000,0.054343,0.054397,0.054343,0.054397,3896.7401,1778306399999
1778328000000,0.054453,0.054508,0.052723,0.05353,42277.8599,1778349599999
1778349600000,0.053365,0.053861,0.051148,0.052299,42336.3469,1778371199999
1778392800000,0.0525,0.053311,0.052353,0.053041,231928.7774,1778414399999
1778414400000,0.055092,0.055092,0.05377,0.05377,2108.1714,1778435999999
1778436000000,0.054001,0.054928,0.05315,0.05315,13739.5045,1778457599999
1778457600000,0.053475,0.055803,0.053474,0.055803,3792.3762,1778479199999
1778479200000,0.053883,0.055748,0.05315,0.05315,4435.2785,1778500799999
1778500800000,0.054303,0.054778,0.054303,0.054778,2446.4169,1778522399999
1778522400000,0.054242,0.054242,0.054242,0.054242,190.6353,1778543999999
1778544000000,0.055556,0.055556,0.055508,0.055508,206.9076,1778565599999
1778565600000,0.055035,0.0553,0.053635,0.05418,7278.4306,1778587199999
1778587200000,0.054123,0.054157,0.053187,0.053419,45556.6741,1778608799999
1778608800000,0.053419,0.053743,0.053187,0.053743,4281.385,1778630399999
1778630400000,0.054068,0.054506,0.054068,0.054506,1869.4921,1778651999999
1778652000000,0.054451,0.054728,0.053842,0.054728,14068.9123,1778673599999
1778673600000,0.055115,0.055787,0.0544,0.055787,20745.9052,1778695199999
1778695200000,0.055786,0.056067,0.055115,0.055284,39578.8491,1778716799999
1778716800000,0.054904,0.054904,0.054904,0.054904,544.9511,1778738399999
1778738400000,0.054013,0.054617,0.053187,0.053187,10249.6635,1778759999999
1778760000000,0.053796,0.053796,0.053041,0.053164,17368.5635,1778781599999
1778781600000,0.053204,0.053959,0.052988,0.053959,22566.7678,1778803199999
1778803200000,0.053743,0.05375,0.053204,0.053742,3929.3188,1778824799999
1778824800000,0.053743,0.05385,0.053203,0.05385,3403.7074,1778846399999
1778846400000,0.053311,0.0549,0.053095,0.054602,185469.0733,1778867999999
1778868000000,0.054001,0.054612,0.0533,0.05425,133087.2062,1778889599999
1778889600000,0.053257,0.053365,0.053257,0.053365,4328.7587,1778911199999
1778911200000,0.053,0.053,0.053,0.053,940.8058,1778932799999
1778932800000,0.052458,0.052458,0.05193,0.05214,16827.5206,1778954399999
1778976000000,0.052933,0.052933,0.052933,0.052933,918.611,1778997599999
1778997600000,0.0525,0.052933,0.05074,0.051935,46589.6153,1779019199999
1779019200000,0.0518,0.0518,0.0518,0.0518,96.7181,1779040799999
1779040800000,0.052829,0.052935,0.051174,0.051174,22180.9289,1779062399999
1779084000000,0.050481,0.0505,0.046051,0.047854,77078.1174,1779105599999
1779105600000,0.048433,0.049641,0.0482,0.049424,12148.5063,1779127199999
1779127200000,0.049423,0.049423,0.048568,0.048568,837.0866,1779148799999
1779148800000,0.048568,0.048731,0.047875,0.047902,16268.5923,1779170399999
1779170400000,0.048193,0.048242,0.048193,0.048242,5333.688,1779191999999
1779192000000,0.0476,0.0479,0.047423,0.0479,2446.7187,1779213599999
1779213600000,0.047993,0.048916,0.047358,0.047358,13914.3482,1779235199999
1779235200000,0.0473,0.0473,0.046192,0.046192,2020.813,1779256799999
1779256800000,0.04771,0.047949,0.04771,0.047949,1753.6804,1779278399999
1779278400000,0.048172,0.048437,0.04747,0.048389,7146.9767,1779299999999
1779300000000,0.048241,0.048241,0.048241,0.048241,2269.0383,1779321599999
1779321600000,0.047086,0.048486,0.046945,0.048486,3310.3759,1779343199999
1779343200000,0.046993,0.047537,0.046993,0.047537,773.4326,1779364799999
1779364800000,0.048879,0.048879,0.048879,0.048879,2473.556,1779386399999
1779386400000,0.048595,0.048595,0.048594,0.048594,4110.5474,1779407999999
1779408000000,0.048827,0.048827,0.048827,0.048827,996.2143,1779429599999
1779429600000,0.047759,0.047759,0.046333,0.047179,13830.8736,1779451199999
1779451200000,0.047518,0.048487,0.047518,0.048447,20847.5597,1779472799999
1779472800000,0.04779,0.04779,0.046932,0.046932,4692.9259,1779494399999
1779494400000,0.046932,0.046932,0.046803,0.046803,4686.4266,1779515999999
1779516000000,0.0469,0.047517,0.045958,0.045958,6940.0628,1779537599999
1779559200000,0.047084,0.047179,0.047084,0.047179,1037.6205,1779580799999
1779602400000,0.047179,0.047614,0.046662,0.046662,19152.874,1779623999999
1779667200000,0.047022,0.047022,0.047022,0.047022,180.3412,1779688799999
1779688800000,0.04785,0.04785,0.04758,0.04758,238.7151,1779710399999
1779710400000,0.047556,0.047556,0.047382,0.047382,2103.5335,1779731999999
1779732000000,0.048001,0.048001,0.047785,0.047785,9125.5835,1779753599999
1779753600000,0.0475,0.04795,0.046803,0.046803,10806.1826,1779775199999
1779775200000,0.048672,0.048732,0.048044,0.048193,6122.3629,1779796799999
1779796800000,0.0475,0.0475,0.047,0.047,2279.8584,1779818399999
1779818400000,0.047949,0.047998,0.047001,0.047998,26079.197,1779839999999
1779861600000,0.0474,0.0474,0.047042,0.047042,336.3785,1779883199999
1779883200000,0.047145,0.04834,0.047001,0.047014,99859.678,1779904799999
1779904800000,0.047038,0.047134,0.046615,0.046709,31406.5363,1779926399999
1779926400000,0.047001,0.047001,0.045407,0.045572,37240.4521,1779947999999
1779948000000,0.045239,0.045443,0.043959,0.043959,84544.565,1779969599999
1779969600000,0.044428,0.044633,0.042906,0.044633,52957.6552,1779991199999
1779991200000,0.044363,0.045314,0.042175,0.043342,25107.7454,1780012799999
1780012800000,0.042862,0.043343,0.042519,0.043035,21785.6533,1780034399999
1780034400000,0.04239,0.042734,0.04,0.04,31895.7657,1780055999999
1780056000000,0.040001,0.044096,0.04,0.042146,612971.8987,1780077599999
1780077600000,0.042045,0.042433,0.04,0.041883,517543.9387,1780099199999
1780099200000,0.041587,0.041587,0.041587,0.041587,197.505,1780120799999
1780120800000,0.042041,0.042863,0.041079,0.041373,124433.7622,1780142399999
1780142400000,0.041336,0.043298,0.040504,0.043298,120904.5558,1780163999999
1780164000000,0.043079,0.043431,0.042621,0.042621,38442.6326,1780185599999
1780185600000,0.043299,0.043649,0.042864,0.043649,15458.6863,1780207199999
1780207200000,0.043607,0.043651,0.040914,0.040914,206977.5795,1780228799999
1780228800000,0.0412,0.041751,0.040232,0.040449,28493.6846,1780250399999
1780250400000,0.040791,0.040791,0.03881,0.03881,13416.3204,1780271999999
1780272000000,0.038923,0.038923,0.035114,0.036677,152322.6869,1780293599999
1780293600000,0.037161,0.038427,0.036284,0.038115,54760.1338,1780315199999
1780315200000,0.037276,0.038075,0.036857,0.036858,27494.5237,1780336799999
1780336800000,0.036858,0.037368,0.036816,0.036816,27282.5731,1780358399999
1780358400000,0.036816,0.037478,0.036816,0.036909,2009.2208,1780379999999
1780380000000,0.036909,0.042878,0.036907,0.039185,176730.0933,1780401599999
1780401600000,0.038468,0.038468,0.038468,0.038468,557.8679,1780423199999
1780423200000,0.038076,0.039411,0.038004,0.039135,37425.3639,1780444799999
1780444800000,0.038634,0.038961,0.037277,0.038612,66618.8161,1780466399999
1780466400000,0.038503,0.039068,0.038425,0.039068,16651.843,1780487999999
1780488000000,0.038457,0.039155,0.038037,0.038722,55220.0436,1780509599999
1780509600000,0.039382,0.040833,0.038233,0.040833,16222.1716,1780531199999
1780531200000,0.038474,0.039106,0.037814,0.037814,8470.6925,1780552799999
1780552800000,0.038788,0.039186,0.037012,0.037012,29532.6058,1780574399999
1780574400000,0.037596,0.038239,0.036567,0.036567,41846.4828,1780595999999
1780596000000,0.037115,0.037201,0.036752,0.0369,24334.5,1780617599999
1780617600000,0.0365,0.0365,0.0365,0.0365,161.9178,1780639199999
1780639200000,0.0358,0.0358,0.035004,0.035004,24718.0523,1780660799999
1780660800000,0.035148,0.035184,0.034549,0.034549,22570.35,1780682399999
1780682400000,0.034444,0.035364,0.034409,0.035364,9974.2245,1780703999999
1780725600000,0.035112,0.035112,0.034936,0.034936,442.1166,1780747199999
1780747200000,0.034788,0.035184,0.034788,0.035076,15315.9446,1780768799999
1780768800000,0.034969,0.035384,0.034723,0.035384,4069.0851,1780790399999
1780790400000,0.034917,0.034917,0.034917,0.034917,0.0138,1780811999999
1780812000000,0.035258,0.036086,0.035258,0.036086,978.9127,1780833599999
1780833600000,0.035722,0.035722,0.035698,0.035698,5532.7302,1780855199999
1780855200000,0.035729,0.035729,0.035729,0.035729,181.34,1780876799999
1780898400000,0.036714,0.036801,0.036135,0.036135,3516.4881,1780919999999
1780920000000,0.036308,0.037134,0.036271,0.037134,8013.2125,1780941599999
1780941600000,0.037128,0.037252,0.036497,0.036666,8400.3093,1780963199999
1780963200000,0.036671,0.036715,0.036382,0.036715,4486.6922,1780984799999
1780984800000,0.036221,0.036221,0.035184,0.035185,106288.3737,1781006399999
1781006400000,0.035256,0.035437,0.035112,0.035184,38704.0273,1781027999999
1781028000000,0.035076,0.035112,0.035005,0.035005,31628.88,1781049599999
1781049600000,0.035256,0.035256,0.035256,0.035256,1134.5584,1781071199999
1781071200000,0.035184,0.035256,0.034654,0.035182,33467.904,1781092799999
1781092800000,0.035004,0.035004,0.034689,0.03482,24383.2632,1781114399999
1781114400000,0.03482,0.03482,0.034794,0.034794,13912.6053,1781135999999
1781136000000,0.034899,0.034899,0.034795,0.034795,2706.1,1781157599999
1781157600000,0.034864,0.034899,0.034689,0.034899,17525.71,1781179199999
1781179200000,0.034864,0.035239,0.034549,0.035078,46681.872,1781200799999
1781200800000,0.035112,0.035328,0.035076,0.035328,9417.9765,1781222399999
1781244000000,0.035508,0.035544,0.035113,0.03522,18724.5194,1781265599999
1781265600000,0.035256,0.035256,0.034935,0.034935,9143.9439,1781287199999
1781287200000,0.035076,0.035076,0.03504,0.03504,750.1,1781308799999
1781352000000,0.035184,0.0354,0.035112,0.035119,7538.8784,1781373599999
1781373600000,0.035508,0.03551,0.035508,0.03551,1000.0,1781395199999
1781395200000,0.035472,0.035544,0.035472,0.035544,4213.4831,1781416799999
1781416800000,0.035472,0.035543,0.035112,0.035436,8414.9185,1781438399999
1781438400000,0.035184,0.035256,0.035184,0.03522,4287.683,1781459999999
1781481600000,0.035688,0.035724,0.035436,0.035436,3699.3475,1781503199999
1781503200000,0.035688,0.035904,0.035688,0.035904,4184.1854,1781524799999
1781524800000,0.035904,0.0364,0.035904,0.036,15648.6704,1781546399999
1781546400000,0.036456,0.036492,0.03616,0.03616,9032.8578,1781567999999
1781568000000,0.035688,0.035688,0.035688,0.035688,75.2917,1781589599999
1781589600000,0.035976,0.035976,0.035904,0.035904,5271.48,1781611199999
1781611200000,0.036234,0.036234,0.035261,0.035261,16587.2354,1781632799999
1781632800000,0.035364,0.035652,0.034896,0.034896,26746.8523,1781654399999
1781676000000,0.034863,0.03504,0.034584,0.03504,14089.5359,1781697599999
1781697600000,0.034864,0.03504,0.034837,0.03504,10418.1802,1781719199999
1781719200000,0.035148,0.035742,0.035148,0.035561,158672.4833,1781740799999
1781762400000,0.035034,0.035429,0.035026,0.035429,10404.2431,1781783999999
1781784000000,0.035769,0.035779,0.035148,0.0354,3319.093,1781805599999
1781805600000,0.035636,0.035636,0.035636,0.035636,1683.4101,1781827199999
1781848800000,0.035472,0.035472,0.034759,0.034759,12339.7495,1781870399999
1781913600000,0.035436,0.035436,0.035411,0.035411,827.3214,1781935199999
1781956800000,0.035254,0.035328,0.034794,0.035184,67654.4235,1781978399999
1781978400000,0.035148,0.035148,0.035076,0.035076,4410.6077,1781999999999
1782021600000,0.035004,0.035076,0.035004,0.035076,3081.727,1782043199999
1782043200000,0.034794,0.034898,0.034794,0.034898,618.2772,1782064799999
1782064800000,0.034897,0.035004,0.034897,0.035004,7205.0071,1782086399999
1782129600000,0.035219,0.0354,0.035219,0.0354,18362.0542,1782151199999
1782151200000,0.035184,0.035184,0.035184,0.035184,300.0954,1782172799999
1782216000000,0.034759,0.035364,0.034689,0.035364,25028.9914,1782237599999
1782237600000,0.034935,0.034935,0.034794,0.034794,14737.7978,1782259199999
1782302400000,0.035147,0.035147,0.035147,0.035147,631.0,1782323999999
1782345600000,0.03558,0.035832,0.03558,0.035832,22792.0872,1782367199999
1782367200000,0.035615,0.035616,0.0354,0.0354,9237.9607,1782388799999
1782388800000,0.035436,0.035436,0.034584,0.034934,79246.761,1782410399999
1782410400000,0.035292,0.035904,0.035148,0.035364,51232.8622,1782431999999
1782432000000,0.035291,0.035292,0.035291,0.035292,5708.7965,1782453599999
1782453600000,0.035256,0.03558,0.035256,0.03558,11683.1806,1782475199999
1782475200000,0.035043,0.035043,0.034899,0.035004,10724.1501,1782496799999
1782518400000,0.03558,0.03558,0.03558,0.03558,19619.1079,1782539999999
1782540000000,0.035544,0.035544,0.035544,0.035544,618.0527,1782561599999
1782626400000,0.0354,0.035472,0.0354,0.035472,4161.4641,1782647999999
1782648000000,0.035112,0.035112,0.034444,0.035112,91617.4783,1782669599999
1782669600000,0.034899,0.034899,0.034829,0.034829,3139.648,1782691199999
1782691200000,0.035004,0.035008,0.035004,0.035008,1765.8867,1782712799999
1782734400000,0.03504,0.035292,0.03504,0.035292,2038.5696,1782755999999
1782777600000,0.035045,0.035256,0.035004,0.035004,11827.8722,1782799199999
1782820800000,0.034792,0.034792,0.034199,0.034409,211612.3764,1782842399999
1782842400000,0.034235,0.034235,0.0333,0.03399,104014.7731,1782863999999
1782864000000,0.033718,0.034129,0.033718,0.033934,22546.4483,1782885599999
1782885600000,0.033786,0.03382,0.033786,0.03382,5997.5826,1782907199999
1782907200000,0.033684,0.034164,0.033513,0.033888,10005.0138,1782928799999
1782928800000,0.034129,0.034129,0.034129,0.034129,12618.5181,1782950399999
1782950400000,0.034164,0.034199,0.033956,0.034199,6578.6164,1782971999999
1782972000000,0.034164,0.034164,0.028198,0.029911,714521.7394,1782993599999
1782993600000,0.02991,0.030649,0.029669,0.030092,154486.6149,1783015199999
1783015200000,0.030339,0.031264,0.030092,0.030712,338608.7633,1783036799999
1783036800000,0.030712,0.030743,0.030604,0.030604,5028.5968,1783058399999
1783058400000,0.030619,0.030898,0.030371,0.030371,29735.4938,1783079999999
1783080000000,0.03034,0.030712,0.030247,0.030712,10334.038,1783101599999
1783101600000,0.031214,0.03131,0.031214,0.03131,8239.1124,1783123199999
1783123200000,0.031246,0.031278,0.030834,0.030836,36094.213,1783144799999
1783144800000,0.030652,0.030652,0.03034,0.030554,12122.4739,1783166399999
1783166400000,0.030619,0.030619,0.030433,0.030433,8271.5485,1783187999999
1783188000000,0.030616,0.030805,0.030616,0.030743,39416.7853,1783209599999
1783209600000,0.030867,0.030867,0.030867,0.030867,2592.1551,1783231199999
1783231200000,0.030755,0.030755,0.030743,0.030743,713.1459,1783252799999
1783252800000,0.030867,0.031086,0.030681,0.031086,37735.7407,1783274399999
1783274400000,0.031054,0.031502,0.030898,0.031502,45150.9366,1783295999999
1783296000000,0.031278,0.031278,0.031278,0.031278,204.5181,1783317599999
1783339200000,0.030929,0.030929,0.030526,0.030526,33408.3571,1783360799999
1783360800000,0.030557,0.030557,0.030526,0.030557,2094.1127,1783382399999
1783382400000,0.030371,0.030402,0.030305,0.030305,23851.5594,1783403999999
1783404000000,0.030001,0.030061,0.02991,0.030061,56107.7802,1783425599999
1783425600000,0.02979,0.029906,0.029497,0.029905,31929.7357,1783447199999
1783468800000,0.02958,0.02958,0.02955,0.02955,9415.7555,1783490399999
1783490400000,0.02943,0.02955,0.02943,0.02955,47898.3734,1783511999999
1783512000000,0.02925,0.02925,0.028952,0.029158,23321.1396,1783533599999
1783533600000,0.029398,0.0294,0.029398,0.0294,16972.9073,1783555199999
1783555200000,0.02913,0.02913,0.02872,0.028836,29343.6999,1783576799999
1783576800000,0.028807,0.02922,0.028807,0.02922,34575.2279,1783598399999
1783598400000,0.028975,0.028975,0.02814,0.028256,98345.9032,1783619999999
1783620000000,0.02794,0.02794,0.02766,0.027856,13444.6501,1783641599999
1783641600000,0.027632,0.027661,0.027632,0.02766,56016.9087,1783663199999
1783663200000,0.027632,0.028469,0.026262,0.028469,170763.4215,1783684799999
1783684800000,0.027129,0.028002,0.026922,0.027156,27011.5182,1783706399999
1783706400000,0.027128,0.027324,0.0271,0.027324,31712.4794,1783727999999
1783728000000,0.026989,0.026989,0.026989,0.026989,1556.1475,1783749599999
1783749600000,0.026773,0.026962,0.026693,0.026693,26025.0583,1783771199999
1783771200000,0.026935,0.027262,0.026638,0.027174,55466.4082,1783792799999
1783792800000,0.026951,0.027279,0.026948,0.027102,16216.7391,1783814399999
1783814400000,0.026946,0.026946,0.026638,0.026638,21142.197,1783835999999
1783857600000,0.026798,0.026827,0.026798,0.026827,8261.0213,1783879199999
1783879200000,0.026746,0.026773,0.026585,0.026585,2280.6486,1783900799999
1783922400000,0.026611,0.026799,0.026558,0.026558,7255.0986,1783943999999
1783944000000,0.02653,0.026557,0.02653,0.026557,4587.2091,1783965599999
1783965600000,0.02617,0.02617,0.025757,0.02599,14161.7538,1783987199999
1783987200000,0.025653,0.025653,0.025601,0.025601,11994.2522,1784008799999
1784008800000,0.025731,0.025783,0.025419,0.025419,34162.5738,1784030399999
1784030400000,0.025676,0.025783,0.025676,0.025783,29218.9161,1784051999999
1784052000000,0.025783,0.026292,0.025783,0.026217,15856.8162,1784073599999
1784095200000,0.026059,0.026167,0.025847,0.026134,12006.1208,1784116799999
1784116800000,0.026165,0.026311,0.025718,0.025718,8355.7316,1784138399999
1784181600000,0.025731,0.025756,0.025731,0.025756,1937.4873,1784203199999
1784224800000,0.025757,0.025783,0.025757,0.025783,11899.5743,1784246399999
1784268000000,0.025731,0.025731,0.025549,0.02555,7081.8624,1784289599999
1784289600000,0.025497,0.025497,0.025159,0.025315,25337.504,1784311199999
1784311200000,0.025185,0.025211,0.024628,0.024628,13650.8267,1784332799999
1784332800000,0.024853,0.024853,0.024303,0.024678,55627.3247,1784354399999
1784354400000,0.024678,0.024678,0.024678,0.024678,283.6534,1784375999999
1784376000000,0.024678,0.024703,0.024528,0.024703,12094.9013,1784397599999
1784397600000,0.024728,0.024728,0.024678,0.024703,5875.0466,1784419199999
1784419200000,0.024528,0.024703,0.024528,0.024703,2369.1663,1784440799999
1784440800000,0.024703,0.024753,0.024703,0.024753,10162.1304,1784462399999
1784462400000,0.024703,0.024752,0.024703,0.024752,4983.9481,1784483999999
1784484000000,0.024728,0.024752,0.024728,0.024752,5000.0,1784505599999
1784505600000,0.024728,0.024752,0.024728,0.024752,3874.2531,1784527199999
1784548800000,0.024703,0.025081,0.024703,0.024778,40507.5697,1784570399999
1784570400000,0.024554,0.024853,0.024323,0.024323,45144.6795,1784591999999
1784592000000,0.024303,0.024478,0.024254,0.024296,7433.4478,1784613599999
1784613600000,0.024278,0.024553,0.0241,0.0241,26125.7547,1784635199999
1784635200000,0.024078,0.024503,0.024078,0.024253,47411.1498,1784656799999
1784656800000,0.024352,0.024352,0.023739,0.023787,16709.3251,1784678399999
1784678400000,0.023811,0.023858,0.023331,0.023331,22557.9141,1784699999999
1784700000000,0.023785,0.023883,0.023512,0.023512,9597.3209,1784721599999
1784721600000,0.023907,0.02393,0.02352,0.02352,6401.99,1784743199999
1784743200000,0.023931,0.024127,0.023724,0.023724,18472.6211,1784764799999
1784764800000,0.023723,0.023723,0.023723,0.023723,366.0,1784786399999
1784786400000,0.02374,0.02374,0.02374,0.02374,900.6273,1784807999999
1784808000000,0.024053,0.024153,0.023931,0.023931,28064.0134,1784829599999
1784829600000,0.023811,0.023835,0.023811,0.023835,6721.9345,1784851199999
1784851200000,0.023811,0.023811,0.023811,0.023811,584.92,1784872799999
1784894400000,0.023596,0.023596,0.022924,0.023091,32251.9346,1784915999999
1784916000000,0.023,0.023003,0.022743,0.022743,10163.7998,1784937599999
1784937600000,0.022973,0.022973,0.022973,0.022973,1542.3237,1784959199999
1784959200000,0.022858,0.022858,0.022858,0.022858,230.9913,1784980799999
1784980800000,0.0228,0.0228,0.022789,0.022789,1315.1238,1785002399999
1785002400000,0.022789,0.02295,0.022789,0.02295,42048.3276,1785023999999
1785024000000,0.022681,0.022681,0.022375,0.022375,4439.8084,1785045599999
1785045600000,0.022444,0.022673,0.022398,0.022673,50217.5956,1785067199999
1785067200000,0.022667,0.022674,0.022473,0.022473,9048.9872,1785088799999
1785088800000,0.022674,0.023271,0.022327,0.022327,132923.1998,1785110399999
1785110400000,0.022327,0.023309,0.0218,0.0218,74696.2329,1785131999999
1785132000000,0.022646,0.022646,0.0218,0.0218,1779.4359,1785153599999
1785153600000,0.021831,0.021884,0.021745,0.021765,7365.2994,1785175199999
1785175200000,0.021765,0.022007,0.021545,0.021567,109730.5394,1785196799999
1785196800000,0.021193,0.021237,0.020766,0.021193,149989.3888,1785218399999
1785218400000,0.021058,0.021058,0.020051,0.020199,181200.4964,1785239999999
1785240000000,0.020187,0.020471,0.0199,0.02024,189349.423,1785261599999
1785261600000,0.02045,0.020868,0.020239,0.020239,55113.7517,1785283199999
1785283200000,0.020261,0.020912,0.019809,0.020324,46990.5981,1785304799999
1785304800000,0.020148,0.020263,0.020072,0.020263,6888.7378,1785326399999
1785326400000,0.020499,0.022071,0.020261,0.020538,363910.4466,1785347999999
1785348000000,0.020538,0.020619,0.020243,0.020243,72957.7282,1785369599999
1785369600000,0.020429,0.020429,0.020243,0.020243,4576.5308,1785391199999
1785391200000,0.020516,0.020516,0.019809,0.020366,86172.4014,1785412799999
1785412800000,0.020096,0.020177,0.019669,0.020167,130497.0293,1785434399999
1785434400000,0.020194,0.020927,0.020194,0.020927,27379.0741,1785455999999
1785456000000,0.020765,0.021391,0.020731,0.021195,107492.4742,1785477599999
1785477600000,0.021435,0.02256,0.02137,0.021701,168966.9587,1785499199999
1785499200000,0.022237,0.045,0.021656,0.042139,6049608.5884,1785520799999
1785520800000,0.042139,0.051313,0.0335,0.043849,1.2651109716E7,1785542399999
1785542400000,0.043386,0.0435,0.035801,0.0365,1519972.8722,1785563999999
1785564000000,0.03638,0.045,0.0336,0.034746,5481900.641,1785585599999
1785585600000,0.034735,0.036123,0.032,0.033589,2000363.9833,1785607199999
1785607200000,0.03361,0.03361,0.030309,0.032411,1360137.8887,1785628799999
1785628800000,0.03311,0.034342,0.032103,0.032672,268356.6581,1785650399999
1785650400000,0.033774,0.033822,0.030123,0.031022,767264.3929,1785671999999
1785672000000,0.031264,0.03357,0.030672,0.030672,394430.0404,1785693599999
1785693600000,0.030898,0.030898,0.02946,0.02955,258964.7123,1785715199999
1785715200000,0.029863,0.031886,0.02724,0.028111,105453.8788,1785736799999
1785736800000,0.027528,0.031999,0.025005,0.025166,482431.963,1785758399999
1785758400000,0.025166,0.02568,0.02343,0.02343,1243561.6835,1785779999999
1785780000000,0.023811,0.0276,0.023379,0.024796,1518394.5098,1785801599999
1785801600000,0.024651,0.025214,0.022605,0.022927,1043622.8606,1785823199999
1785823200000,0.023043,0.024303,0.022812,0.024053,324073.0551,1785844799999
1785844800000,0.023835,0.023955,0.022371,0.023954,1343666.2819,1785866399999
1785866400000,0.023679,0.024143,0.023622,0.023979,65619.107,1785887999999
1785888000000,0.023979,0.026664,0.023883,0.0261,377042.3257,1785909599999
1785909600000,0.026125,0.02811,0.024828,0.0253,1942636.587,1785931199999
1785931200000,0.02536,0.025419,0.024141,0.024978,346645.9555,1785952799999
1785952800000,0.024953,0.025393,0.024228,0.02505,346397.3331,1785974399999
1785974400000,0.024603,0.024603,0.024141,0.024402,57439.0014,1785995999999
1785996000000,0.024278,0.024552,0.02414,0.024503,286761.3585,1786017599999
1786017600000,0.024502,0.025133,0.023955,0.024803,310157.0315,1786039199999
1786039200000,0.024953,0.024953,0.023427,0.024704,71538.7234,1786060799999
1786060800000,0.024728,0.025055,0.024728,0.024853,42402.5136,1786082399999
1786082400000,0.025114,0.027015,0.025114,0.026152,167616.7106,1786103999999
1786104000000,0.026152,0.026205,0.024863,0.025991,205595.0937,1786125599999
1786125600000,0.025935,0.02626,0.025725,0.025952,28840.1083,1786147199999
1786147200000,0.026199,0.026402,0.026125,0.026152,9296.354,1786168799999
1786168800000,0.026098,0.026393,0.025827,0.026179,72479.7498,1786190399999
1786190400000,0.026179,0.026232,0.0257,0.025705,52390.5109,1786211999999
1786212000000,0.025835,0.025939,0.025648,0.025679,9264.9061,1786233599999
1786233600000,0.025861,0.025861,0.025774,0.025835,1872.5942,1786255199999
1786255200000,0.025964,0.026309,0.025917,0.025991,36657.9875,1786276799999
1786276800000,0.026104,0.026368,0.025999,0.026044,37092.7304,1786298399999
1786298400000,0.026098,0.026098,0.02593,0.026069,7554.1947,1786319999999
1786320000000,0.026044,0.026044,0.026044,0.026044,668.2076,1786341599999
1786341600000,0.025965,0.025991,0.025403,0.02599,47998.087,1786363199999
1786363200000,0.02599,0.026098,0.02529,0.02529,164998.1923,1786384799999
1786384800000,0.025291,0.025549,0.0252,0.025549,7941.9141,1786406399999
1786406400000,0.02545,0.02545,0.024728,0.025002,38709.1359,1786427999999
1786428000000,0.02508,0.025381,0.024958,0.025081,41874.8758,1786449599999
1786449600000,0.025159,0.025497,0.025081,0.025497,20305.8424,1786471199999
1786471200000,0.025315,0.025581,0.025315,0.025445,22751.5626,1786492799999
1786492800000,0.025305,0.025575,0.025256,0.025575,4505.6858,1786514399999
1786514400000,0.025601,0.026476,0.025442,0.025627,69593.3465,1786535999999
1786536000000,0.025268,0.025367,0.025185,0.025185,14969.5817,1786557599999
1786557600000,0.025029,0.025341,0.024753,0.024753,73025.1689,1786579199999
1786579200000,0.025159,0.025393,0.025159,0.025185,34883.0249,1786600799999
1786600800000,0.025263,0.025289,0.024979,0.025289,27578.4761,1786622399999
1786622400000,0.025159,0.025523,0.025159,0.025367,22507.8356,1786643999999
1786644000000,0.025251,0.025367,0.025133,0.025367,6915.1129,1786665599999
1786665600000,0.025366,0.025366,0.025315,0.025315,1638.4876,1786687199999
1786687200000,0.025289,0.025653,0.025086,0.02511,139384.8662,1786708799999
1786708800000,0.025419,0.025548,0.025159,0.025159,16765.4262,1786730399999
1786730400000,0.025185,0.025419,0.025185,0.025315,50023.2944,1786751999999
1786752000000,0.025159,0.025489,0.025017,0.025289,47155.0602,1786773599999
1786773600000,0.025211,0.025393,0.025017,0.025343,70648.3051,1786795199999
1786795200000,0.025366,0.025575,0.02529,0.02529,35039.966,1786816799999
1786816800000,0.025497,0.025653,0.025445,0.025549,79170.6197,1786838399999
1786860000000,0.025679,0.025809,0.025497,0.025679,10028.6736,1786881599999
1786881600000,0.025679,0.026152,0.025538,0.026044,59723.5875,1786903199999
1786903200000,0.025549,0.025679,0.025341,0.025341,45587.2399,1786924799999
1786924800000,0.025549,0.025575,0.025549,0.025575,2832.6864,1786946399999
1786946400000,0.025419,0.025419,0.025333,0.025333,39967.4256,1786967999999
1786968000000,0.025445,0.026206,0.025445,0.026206,34445.0355,1786989599999
1786989600000,0.026077,0.02623,0.025616,0.026098,118275.574,1787011199999
1787032800000,0.026071,0.0261,0.025992,0.0261,48622.2351,1787054399999
1787054400000,0.025992,0.02626,0.025888,0.026206,95334.7362,1787075999999
1787076000000,0.026125,0.026233,0.025992,0.026071,19869.1935,1787097599999
1787097600000,0.026314,0.027408,0.026314,0.02672,31272.0226,1787119199999
1787119200000,0.026881,0.026881,0.026686,0.02675,37117.7969,1787140799999
1787140800000,0.026901,0.027576,0.026751,0.027576,220821.4974,1787162399999
1787162400000,0.027324,0.028372,0.027241,0.027996,152159.4158,1787183999999
1787184000000,0.027996,0.02814,0.027968,0.028111,12603.9485,1787205599999
1787205600000,0.028111,0.028256,0.027745,0.028111,74830.4696,1787227199999
1787227200000,0.028111,0.028198,0.027884,0.027884,84016.0662,1787248799999
1787248800000,0.028169,0.028488,0.028169,0.028401,40117.4228,1787270399999
1787270400000,0.028401,0.02901,0.028227,0.028372,110241.4371,1787291999999
1787292000000,0.028691,0.0294,0.028489,0.02937,52947.972,1787313599999
1787313600000,0.0294,0.030402,0.028807,0.03036,120942.5207,1787335199999
1787335200000,0.030201,0.030829,0.02964,0.030783,54153.1077,1787356799999
1787356800000,0.0307,0.031299,0.029723,0.030896,117783.6658,1787378399999
1787378400000,0.030836,0.030836,0.02988,0.030123,190233.5361,1787399999999
1787400000000,0.02997,0.030092,0.029419,0.02967,43196.7077,1787421599999
1787421600000,0.029647,0.029732,0.02922,0.029281,46777.4011,1787443199999
1787443200000,0.029281,0.029597,0.02922,0.02928,198482.3864,1787464799999
1787464800000,0.029252,0.029429,0.02925,0.02925,11356.1196,1787486399999
